4855.499999999998
4827.9
4814.9
4814.9
4814.9
4792.799999999999
4792.799999999999
4792.799999999999
4792.799999999999
4792.799999999999
4753.199999999999
4753.199999999999
4684.899999999998
4684.899999999998
4684.899999999998
4678.199999999998
4654.199999999998
4654.199999999998
4654.199999999998
4629.500000000001
4629.500000000001
4629.500000000001
4629.500000000001
4629.500000000001
4629.0999999999985
4629.0999999999985
4629.0999999999985
4617.299999999997
4608.499999999996
4540.799999999996
4540.799999999996
4537.599999999998
4537.599999999998
4537.599999999998
4514.999999999997
4514.999999999997
4487.099999999998
4487.099999999998
4435.199999999999
4409.499999999999
4409.499999999999
4401.6
4323.5
4323.5
4323.5
4304.7
4225.5
4207.9
4184.900000000001
4184.900000000001
4184.900000000001
4184.900000000001
4184.900000000001
4184.900000000001
4184.900000000001
4169.300000000001
4169.300000000001
4169.300000000001
4125.6
4125.6
4125.6
4125.6
4125.6
4125.6
4125.6
4064.6000000000004
4062.2000000000007
4062.2000000000007
4062.2000000000007
4062.2000000000007
4062.2000000000007
4062.2000000000007
4005.7999999999997
3957.300000000001
3957.300000000001
3957.300000000001
3957.300000000001
3957.300000000001
3938.4999999999986
3909.7999999999984
3909.7999999999984
3909.7999999999984
3909.7999999999984
3902.8999999999983
3902.8999999999983
3902.8999999999983
3902.8999999999983
3897.8999999999987
3892.5999999999985
3874.6999999999985
3874.6999999999985
3874.6999999999985
3850.8999999999983
3839.9000000000005
3806.0999999999995
3804.0999999999995
3804.0999999999995
3804.0999999999995
3804.0999999999995
3804.0999999999995
3789.2999999999997
3741.7
3741.7
3726.7999999999993
3725.9999999999995
3725.9999999999995
3706.7000000000003
3706.3000000000006
3659.000000000001
3659.000000000001
3659.000000000001
3659.000000000001
3659.000000000001
3627.400000000002
3627.400000000002
3612.6000000000017
3612.6000000000017
3612.6000000000017
3612.6000000000017
3612.6000000000017
3612.6000000000017
3612.6000000000017
3612.6000000000017
3612.6000000000017
3612.6000000000017
3612.6000000000017
3612.6000000000017
3612.6000000000017
3607.2000000000003
3607.2000000000003
3607.2000000000003
3607.2000000000003
3607.2000000000003
3607.2000000000003
3607.2000000000003
3607.2000000000003
3603.7000000000007
3603.7000000000007
3601.3
3601.3
3601.3
3601.3
3601.3
3601.3
3601.3
3601.3
3598.9000000000005
3598.9000000000005
3585.1000000000004
3539.600000000001
3495.400000000001
3495.400000000001
3495.400000000001
3495.400000000001
3415.600000000001
3415.600000000001
3415.600000000001
3415.600000000001
3415.600000000001
3415.600000000001
3414.9000000000005
3414.9000000000005
3414.9000000000005
3414.9000000000005
3414.9000000000005
3414.9000000000005
3394.4000000000005
3383.9
3383.9
3383.9
3358.899999999999
3358.899999999999
3358.899999999999
3358.899999999999
3358.899999999999
3358.899999999999
3358.899999999999
3358.899999999999
3358.899999999999
3335.3999999999987
3335.3999999999987
3335.3999999999987
3335.3999999999987
3334.2999999999993
3307.599999999999
3307.599999999999
3303.0
3303.0
3303.0
3303.0
3303.0
3303.0
3303.0
3303.0
3303.0
3303.0
3303.0
3303.0
3303.0
3300.9999999999995
3300.9999999999995
3300.9999999999995
3300.9999999999995
3300.9999999999995
3268.9999999999995
3259.8999999999996
3259.8999999999996
3259.8999999999996
3259.8999999999996
3259.8999999999996
3259.8999999999996
3259.8999999999996
3259.8999999999996
3259.8999999999996
3259.8999999999996
3259.8999999999996
3259.8999999999996
3228.2
3228.2
3228.2
3228.2
3228.2
3228.2
3228.2
3228.2
3228.2
3228.2
3184.3999999999996
3166.1
3166.1
3166.1
3166.1
3166.1
3166.1
3166.1
3166.1
3166.1
3166.1
3166.1
3166.1
3166.1
3166.1
3144.7000000000003
3100.2000000000003
3100.2000000000003
3100.2000000000003
3100.2000000000003
3100.2000000000003
3081.0000000000005
3081.0000000000005
3081.0000000000005
3081.0000000000005
3081.0000000000005
3042.6999999999994
3042.6999999999994
3014.999999999999
3011.900000000001
3011.900000000001
3011.900000000001
3011.900000000001
3011.900000000001
3011.900000000001
3011.900000000001
3011.900000000001
3011.500000000001
3011.500000000001
3011.500000000001
3011.500000000001
3011.500000000001
3011.500000000001
3011.500000000001
3011.500000000001
3011.500000000001
3011.500000000001
3011.500000000001
3011.500000000001
3011.500000000001
3011.500000000001
3011.500000000001
3011.500000000001
3011.500000000001
3011.500000000001
3011.500000000001
2962.100000000001
2962.100000000001
2962.100000000001
2962.100000000001
2962.100000000001
2962.100000000001
2962.100000000001
2962.100000000001
2962.100000000001
2962.100000000001
2962.100000000001
2962.100000000001
2903.600000000001
2903.600000000001
2903.600000000001
2901.2000000000007
2901.2000000000007
2899.1999999999975
2899.1999999999975
2899.1999999999975
2899.1999999999975
2848.3999999999974
2848.3999999999974
2848.3999999999974
2848.3999999999974
2843.4999999999977
2843.4999999999977
2843.4999999999977
2843.1999999999975
2843.1999999999975
2843.1999999999975
2843.1999999999975
2843.1999999999975
2843.1999999999975
2843.1999999999975
2843.1999999999975
2843.1999999999975
2838.599999999998
2838.599999999998
2835.499999999998
2835.499999999998
2835.499999999998
2835.499999999998
2835.499999999998
2835.499999999998
2835.499999999998
2835.499999999998
2835.499999999998
2835.499999999998
2835.499999999998
2835.499999999998
2835.499999999998
2832.3999999999983
2832.3999999999983
2832.3999999999983
2832.3999999999983
2832.3999999999983
2826.599999999998
2826.599999999998
2826.599999999998
2826.599999999998
2826.599999999998
2826.599999999998
2826.599999999998
2826.599999999998
2826.599999999998
2826.599999999998
2786.7999999999984
2781.5000000000005
2781.5000000000005
2781.5000000000005
2781.5000000000005
2781.5000000000005
2781.5000000000005
2781.5000000000005
2781.5000000000005
2781.5000000000005
2781.5000000000005
2781.5000000000005
2764.0000000000005
2720.2
2720.2
2658.2999999999997
2658.2999999999997
2658.2999999999997
2658.2999999999997
2658.2999999999997
2658.2999999999997
2658.2999999999997
2658.2999999999997
2658.2999999999997
2658.2999999999997
2658.2999999999997
2658.2999999999997
2658.2999999999997
2658.2999999999997
2658.2999999999997
2658.2999999999997
2647.8
2647.8
2647.8
2647.8
2647.8
2647.8
2647.8
2647.8
2629.9000000000005
2629.9000000000005
2629.9000000000005
2629.9000000000005
2629.9000000000005
2629.9000000000005
2629.9000000000005
2629.9000000000005
2629.7
2629.7
2629.7
2629.7
2614.0
2614.0
2595.7000000000003
2538.5000000000005
2513.800000000001
2513.800000000001
2513.800000000001
2513.800000000001
2513.800000000001
2501.400000000001
2501.400000000001
2500.000000000001
2500.000000000001
2500.000000000001
2500.000000000001
2500.000000000001
2500.000000000001
2500.000000000001
2500.000000000001
2500.000000000001
2500.000000000001
2500.000000000001
2500.000000000001
2500.000000000001
2500.000000000001
2500.000000000001
2500.000000000001
2500.000000000001
2500.000000000001
2500.000000000001
2500.000000000001
2500.000000000001
2500.000000000001
2500.000000000001
2500.000000000001
2500.000000000001
2500.000000000001
2500.000000000001
2500.000000000001
2500.000000000001
2500.000000000001
2500.000000000001
2500.000000000001
2500.000000000001
2485.7000000000007
2485.7000000000007
2485.7000000000007
2485.7000000000007
2485.7000000000007
2485.7000000000007
2485.7000000000007
2485.7000000000007
2485.7000000000007
2485.7000000000007
2485.7000000000007
2456.0000000000005
2454.1000000000004
2454.1000000000004
2454.1000000000004
2454.1000000000004
2454.1000000000004
2454.1000000000004
2454.1000000000004
2454.1000000000004
2454.1000000000004
2454.1000000000004
2425.000000000001
2425.000000000001
2425.000000000001
2425.000000000001
2425.000000000001
2425.000000000001
2425.000000000001
2425.000000000001
2425.000000000001
2425.000000000001
2413.6
2413.6
2413.6
2413.6
2413.6
2413.6
2413.6
2413.6
2413.6
2413.6
2413.6
2413.6
2413.6
2413.6
2413.6
2413.6
2413.6
2413.6
2413.6
2413.6
2413.6
2413.6
2413.6
2413.6
2413.6
2413.6
2413.6
2413.6
2413.6
2413.6
2410.7999999999997
2410.7999999999997
2410.7999999999997
2410.7999999999997
2410.7999999999997
2410.7999999999997
2410.7999999999997
2401.7
2401.7
2401.7
2401.7
2401.7
2401.7
2400.7999999999997
2400.7999999999997
2398.3000000000006
2398.3000000000006
2398.3000000000006
2398.3000000000006
2398.3000000000006
2398.3000000000006
2398.3000000000006
2398.3000000000006
2398.3000000000006
2398.3000000000006
2398.3000000000006
2398.3000000000006
2398.3000000000006
2398.3000000000006
2398.3000000000006
2398.3000000000006
2381.5000000000005
2381.5000000000005
2381.5000000000005
2381.5000000000005
2381.5000000000005
2381.5000000000005
2381.5000000000005
2381.5000000000005
2381.5000000000005
2347.2000000000003
2323.5000000000005
2323.5000000000005
2323.5000000000005
2323.5000000000005
2323.5000000000005
2323.5000000000005
2323.5000000000005
2323.5000000000005
2323.5000000000005
2323.5000000000005
2293.4000000000005
2293.4000000000005
2293.4000000000005
2293.4000000000005
2249.0000000000005
2249.0000000000005
2249.0000000000005
2249.0000000000005
2249.0000000000005
2249.0000000000005
2249.0000000000005
2249.0000000000005
2249.0000000000005
2249.0000000000005
2189.7000000000003
2189.7000000000003
2189.7000000000003
2189.7000000000003
2189.7000000000003
2189.7000000000003
2189.7000000000003
2189.7000000000003
2189.7000000000003
2189.7000000000003
2189.7000000000003
2189.7000000000003
2189.7000000000003
2189.7000000000003
2189.7000000000003
2189.7000000000003
2189.7000000000003
2189.7000000000003
2189.7000000000003
2189.7000000000003
2189.7000000000003
2189.7000000000003
2189.7000000000003
2189.7000000000003
2189.7000000000003
2167.9000000000005
2167.9000000000005
2167.9000000000005
2167.9000000000005
2167.9000000000005
2167.9000000000005
2167.9000000000005
2167.9000000000005
2167.9000000000005
2167.9000000000005
2167.9000000000005
2164.4000000000005
2164.4000000000005
2164.4000000000005
2157.7000000000003
2150.8
2150.8
2150.8
2150.8
2150.8
2150.8
2145.0
2145.0
2145.0
2145.0
2145.0
2145.0
2145.0
2145.0
2145.0
2145.0
2145.0
2145.0
2145.0
2145.0
2145.0
2145.0
2145.0
2145.0
2145.0
2145.0
2145.0
2145.0
2145.0
2135.9
2135.9
2135.9
2135.9
2135.9
2101.7
2101.7
2101.7
2101.7
2101.7
2100.7999999999997
2100.7999999999997
2100.7999999999997
2084.8999999999996
2084.8999999999996
2084.8999999999996
2084.8999999999996
2084.8999999999996
2084.8999999999996
2084.8999999999996
2084.8999999999996
2084.8999999999996
2079.0
2079.0
2079.0
2079.0
2079.0
2079.0
2078.4
2078.4
2078.4
2078.4
2078.4
2078.4
2078.4
2078.4
2078.4
2078.4
2078.4
2078.4
2078.4
2078.4
2078.4
2078.4
2078.4
2078.4
2074.7
2074.7
2074.7
2059.7999999999997
2059.7999999999997
2059.7999999999997
2059.7999999999997
2059.7999999999997
2048.6
2048.6
2048.6
2048.6
2048.6
2048.6
2048.6
2048.6
2048.6
2048.6
2048.6
2048.6
2048.6
2048.6
2048.6
2048.6
2048.6
2048.6
2048.6
2048.6
2048.6
2048.6
2048.6
2048.6
2048.6
2048.6
2048.6
2048.6
2048.6
2048.6
2039.1
2039.1
2039.1
2025.4999999999995
2025.4999999999995
2025.4999999999995
2025.4999999999995
2025.4999999999995
2025.4999999999995
2025.4999999999995
2025.4999999999995
2025.4999999999995
2025.4999999999995
2020.7999999999995
2020.7999999999995
2020.7999999999995
2020.7999999999995
2020.7999999999995
2020.7999999999995
2020.7999999999995
2020.7999999999995
2020.7999999999995
2020.7999999999995
2020.7999999999995
2020.7999999999995
2020.7999999999995
2020.7999999999995
2020.7999999999995
2020.7999999999995
2020.7999999999995
2020.7999999999995
2020.7999999999995
2020.7999999999995
2020.7999999999995
2000.2999999999995
2000.2999999999995
2000.2999999999995
2000.2999999999995
2000.2999999999995
2000.2999999999995
2000.2999999999995
2000.2999999999995
1972.2
1972.2
1972.2
1972.2
1972.2
1972.2
1972.2
1972.2
1972.2
1949.0999999999995
1949.0999999999995
1949.0999999999995
1949.0999999999995
1949.0999999999995
1949.0999999999995
1949.0999999999995
1949.0999999999995
1949.0999999999995
1949.0999999999995
1949.0999999999995
1949.0999999999995
1949.0999999999995
1949.0999999999995
1949.0999999999995
1947.3999999999996
1947.3999999999996
1947.3999999999996
1947.3999999999996
1947.3999999999996
1947.3999999999996
1931.3999999999996
1924.0999999999997
1924.0999999999997
1924.0999999999997
1871.7999999999993
1871.7999999999993
1866.4999999999993
1866.4999999999993
1866.4999999999993
1866.4999999999993
1866.4999999999993
1866.4999999999993
1866.4999999999993
1839.6999999999994
1839.6999999999994
1839.6999999999994
1839.6999999999994
1839.6999999999994
1839.6999999999994
1839.6999999999994
1839.6999999999994
1839.6999999999994
1839.6999999999994
1839.6999999999994
1839.6999999999994
1839.6999999999994
1839.6999999999994
1839.6999999999994
1838.6999999999994
1838.6999999999994
1838.6999999999994
1838.6999999999994
1838.6999999999994
1838.6999999999994
1838.6999999999994
1838.6999999999994
1838.6999999999994
1838.6999999999994
1838.6999999999994
1838.6999999999994
1838.6999999999994
1838.6999999999994
1838.6999999999994
1838.6999999999994
1838.6999999999994
1838.6999999999994
1838.6999999999994
1838.6999999999994
1838.6999999999994
1838.6999999999994
1838.6999999999994
1838.6999999999994
1838.6999999999994
1838.6999999999994
1838.6999999999994
1838.6999999999994
1838.6999999999994
1838.6999999999994
1838.6999999999994
1838.6999999999994
1838.6999999999994
1838.6999999999994
1838.6999999999994
1838.6999999999994
1838.6999999999994
1838.6999999999994
1838.6999999999994
1838.6999999999994
1838.6999999999994
1838.6999999999994
1838.6999999999994
1838.6999999999994
1838.6999999999994
1838.6999999999994
1838.6999999999994
1838.6999999999994
1838.6999999999994
1838.6999999999994
1838.6999999999994
1838.6999999999994
1838.6999999999994
1838.6999999999994
1838.6999999999994
1838.6999999999994
1822.7
1822.7
1822.7
1822.7
1822.7
1822.7
1822.7
1822.7
1822.7
1822.7
1822.7
1822.7
1822.7
1822.7
1822.7
1822.7
1822.7
1822.7
1822.7
1822.7
1822.7
1822.7
1822.7
1822.7
1822.7
1822.7
1822.7
1822.7
1822.7
1822.7
1822.7
1822.7
1822.7
1822.7
1822.7
1822.7
1822.7
1822.7
1822.7
1822.7
1822.7
1822.7
1822.7
1822.7
1822.7
1822.7
1811.7
1811.7
1811.7
1811.7
1811.7
1811.7
1811.7
1811.7
1811.7
1811.7
1811.7
1811.7
1811.7
1811.7
1811.7
1811.7
1811.7
1811.7
1811.7
1811.7
1811.7
1811.7
1811.4
1811.4
1811.4
1811.4
1811.4
1811.4
1811.4
1811.4
1811.4
1811.4
1811.4
1811.4
1811.4
1798.6999999999996
1798.6999999999996
1798.6999999999996
1798.6999999999996
1798.6999999999996
1798.6999999999996
1798.6999999999996
1798.6999999999996
1798.6999999999996
1798.6999999999996
1798.6999999999996
1798.6999999999996
1798.6999999999996
1798.6999999999996
1798.6999999999996
1798.6999999999996
1798.6999999999996
1798.6999999999996
1798.6999999999996
1798.6999999999996
1798.6999999999996
1798.6999999999996
1798.6999999999996
1793.2
1793.2
1793.2
1793.2
1793.2
1793.2
1793.2
1793.2
1793.2
1793.2
1793.2
1793.2
1793.2
1793.2
1793.2
1793.2
1793.2
1793.2
1793.2
1793.2
1793.2
1793.2
1793.2
1793.2
1793.2
1793.2
1793.2
1793.2
1793.2
1793.2
1793.2
1793.2
1793.2
1793.2
1793.2
1793.2
1793.2
1793.2
1793.2
1793.2
1793.2
1793.2
1793.2
1793.2
1793.2
1793.2
1793.2
1793.2
1793.2
1793.2
1793.2
1793.2
1793.2
1793.2
1793.2
1793.2
1793.2
1793.2
1793.2
1793.2
1793.2
1793.2
1793.2
1793.2
1793.2
1793.2
1793.2
1793.2
1793.2
1793.2
1793.2
1793.2
1793.2
1793.2
1793.2
1793.2
1793.2
1793.2
1793.2
1793.2
1793.2
1793.2
1793.2
1793.2
1793.2
1793.2
1793.2
1793.2
1793.2
1790.9999999999998
1790.9999999999998
1790.9999999999998
1790.9999999999998
1790.9999999999998
1790.9999999999998
1790.9999999999998
1790.9999999999998
1790.9999999999998
1790.9999999999998
1790.9999999999998
1790.9999999999998
1790.9999999999998
1790.9999999999998
1790.9999999999998
1790.9999999999998
1790.9999999999998
1790.9999999999998
1790.9999999999998
1790.9999999999998
1790.9999999999998
1790.9999999999998
1790.9999999999998
1781.1
1781.1
1781.1
1781.1
1781.1
1781.1
1781.1
1781.1
1781.1
1781.1
1781.1
1781.1
1781.1
1781.1
1781.1
1781.1
1781.1
1781.1
1781.1
1781.1
1781.1
1781.1
1781.1
1781.1
1781.1
1781.1
1781.1
1781.1
1781.1
1781.1
1781.1
1781.1
1781.1
1777.3999999999996
1777.3999999999996
1777.3999999999996
1777.3999999999996
1777.3999999999996
1777.3999999999996
1777.3999999999996
1777.3999999999996
1777.3999999999996
1777.3999999999996
1777.3999999999996
1777.3999999999996
1777.3999999999996
1777.3999999999996
1777.3999999999996
1777.3999999999996
1777.3999999999996
1777.3999999999996
1777.3999999999996
1777.3999999999996
1777.3999999999996
1777.3999999999996
1777.3999999999996
1777.3999999999996
1777.3999999999996
1777.3999999999996
1777.3999999999996
1777.3999999999996
1777.3999999999996
1777.3999999999996
1777.3999999999996
1777.3999999999996
1776.4999999999998
1776.4999999999998
1776.4999999999998
1776.4999999999998
1776.4999999999998
1776.4999999999998
1776.4999999999998
1776.4999999999998
1776.4999999999998
1776.4999999999998
1776.4999999999998
1776.4999999999998
1776.4999999999998
1776.4999999999998
1776.4999999999998
1776.4999999999998
1776.4999999999998
1776.4999999999998
1776.4999999999998
1776.4999999999998
1776.4999999999998
1770.4
1770.4
1770.4
1770.4
1770.4
1770.4
1770.4
1770.4
1770.4
1770.4
1770.4
1770.4
1770.4
1770.4
1770.4
1770.4
1770.4
1766.1000000000001
1766.1000000000001
1766.1000000000001
1766.1000000000001
1766.1000000000001
1766.1000000000001
1766.1000000000001
1766.1000000000001
1766.1000000000001
1766.1000000000001
1766.1000000000001
1765.1000000000004
1765.1000000000004
1765.1000000000004
1765.1000000000004
1765.1000000000004
1736.2000000000005
1736.2000000000005
1736.2000000000005
1736.2000000000005
1736.2000000000005
1736.2000000000005
1730.1000000000004
1730.1000000000004
1730.1000000000004
1730.1000000000004
1730.1000000000004
1730.1000000000004
1730.1000000000004
1730.1000000000004
1730.1000000000004
1717.6000000000004
1717.6000000000004
1717.6000000000004
1717.6000000000004
1717.6000000000004
1717.6000000000004
1717.6000000000004
1717.6000000000004
1717.6000000000004
1717.6000000000004
1717.6000000000004
1717.6000000000004
1717.6000000000004
1717.6000000000004
1717.6000000000004
1717.6000000000004
1717.6000000000004
1717.6000000000004
1717.6000000000004
1717.6000000000004
1717.6000000000004
1717.6000000000004
1717.6000000000004
1717.6000000000004
1717.6000000000004
1717.6000000000004
1717.6000000000004
1717.6000000000004
1717.6000000000004
1717.6000000000004
1717.6000000000004
1717.6000000000004
1717.6000000000004
1717.6000000000004
1717.6000000000004
1717.6000000000004
1717.6000000000004
1717.6000000000004
1717.6000000000004
1717.6000000000004
1717.6000000000004
1717.6000000000004
1717.6000000000004
1717.6000000000004
1707.4
1707.4
1707.4
1707.4
1707.4
1707.4
1707.4
1707.4
1707.4
1707.4
1707.4
1707.4
1707.4
1707.4
1681.5
1681.5
1681.5
1681.5
1681.5
1681.5
1681.5
1681.5
1681.5
1681.5
1681.5
1681.5
1681.5
1681.5
1681.5
1681.5
1681.5
1681.5
1681.5
1681.5
1681.5
1681.5
1681.5
1681.5
1681.5
1681.5
1681.5
1681.5
1681.5
1681.5
1681.5
1681.5
1681.5
1681.5
1681.5
1681.5
1681.5
1681.5
1681.5
1679.3999999999999
1679.3999999999999
1679.3999999999999
1679.3999999999999
1679.3999999999999
1679.1000000000001
1679.1000000000001
1679.1000000000001
1679.1000000000001
1679.1000000000001
1679.1000000000001
1679.1000000000001
1679.1000000000001
1679.1000000000001
1679.1000000000001
1679.1000000000001
1679.1000000000001
1679.1000000000001
1679.1000000000001
1679.1000000000001
1679.1000000000001
1679.1000000000001
1679.1000000000001
1679.1000000000001
1679.1000000000001
1679.1000000000001
1679.1000000000001
1679.1000000000001
1667.8
1667.8
1667.8
1667.8
1667.8
1667.8
1660.7000000000003
1643.6000000000001
1643.6000000000001
1643.6000000000001
1643.6000000000001
1643.6000000000001
1643.6000000000001
1643.6000000000001
1643.6000000000001
1643.6000000000001
1643.6000000000001
1643.6000000000001
1643.6000000000001
1643.6000000000001
1643.6000000000001
1643.6000000000001
1643.6000000000001
1643.6000000000001
1643.6000000000001
1643.6000000000001
1643.6000000000001
1643.6000000000001
1643.6000000000001
1643.6000000000001
1643.6000000000001
1643.6000000000001
1643.6000000000001
1643.6000000000001
1643.6000000000001
1643.6000000000001
1643.6000000000001
1643.6000000000001
1643.6000000000001
1643.6000000000001
1643.6000000000001
1643.6000000000001
1643.6000000000001
1643.6000000000001
1643.6000000000001
1643.6000000000001
1635.3000000000002
1635.3000000000002
1635.3000000000002
1635.3000000000002
1635.3000000000002
1635.3000000000002
1631.5000000000002
1631.5000000000002
1631.5000000000002
1631.5000000000002
1631.5000000000002
1631.5000000000002
1621.6000000000006
1621.6000000000006
1621.6000000000006
1621.6000000000006
1621.6000000000006
1614.9000000000003
1614.9000000000003
1614.9000000000003
1614.9000000000003
1614.3000000000004
1614.3000000000004
1614.3000000000004
1614.3000000000004
1614.3000000000004
1614.3000000000004
1614.3000000000004
1608.1000000000001
1608.1000000000001
1608.1000000000001
1608.1000000000001
1608.1000000000001
1608.1000000000001
1608.1000000000001
1608.1000000000001
1608.1000000000001
1608.1000000000001
1608.1000000000001
1608.1000000000001
1608.1000000000001
1608.1000000000001
1608.1000000000001
1608.1000000000001
1608.1000000000001
1608.1000000000001
1608.1000000000001
1608.1000000000001
1608.1000000000001
1608.1000000000001
1608.1000000000001
1608.1000000000001
1608.1000000000001
1608.1000000000001
1605.2000000000005
1605.2000000000005
1605.2000000000005
1605.2000000000005
1605.2000000000005
1605.2000000000005
1605.2000000000005
1594.6000000000006
1594.6000000000006
1594.6000000000006
1594.6000000000006
1594.6000000000006
1594.6000000000006
1594.6000000000006
1594.6000000000006
1594.6000000000006
1594.6000000000006
1594.6000000000006
1594.6000000000006
1594.6000000000006
1594.6000000000006
1594.6000000000006
1594.6000000000006
1594.6000000000006
1594.6000000000006
1594.6000000000006
1551.1000000000001
1551.1000000000001
1551.1000000000001
1551.1000000000001
1551.1000000000001
1551.1000000000001
1551.1000000000001
1551.1000000000001
1551.1000000000001
1551.1000000000001
1549.3000000000002
1549.3000000000002
1549.3000000000002
1549.3000000000002
1549.3000000000002
1549.3000000000002
1549.3000000000002
1549.3000000000002
1537.1000000000001
1537.1000000000001
1537.1000000000001
1537.1000000000001
1537.1000000000001
1537.1000000000001
1537.1000000000001
1537.1000000000001
1537.1000000000001
1537.1000000000001
1537.1000000000001
1537.1000000000001
1537.1000000000001
1537.1000000000001
1537.1000000000001
1537.1000000000001
1537.1000000000001
1537.1000000000001
1537.1000000000001
1537.1000000000001
1537.1000000000001
1537.1000000000001
1537.1000000000001
1537.1000000000001
1537.1000000000001
1537.1000000000001
1537.1000000000001
1537.1000000000001
1537.1000000000001
1537.1000000000001
1537.1000000000001
1537.1000000000001
1537.1000000000001
1537.1000000000001
1537.1000000000001
1537.1000000000001
1537.1000000000001
1537.1000000000001
1537.1000000000001
1537.1000000000001
1537.1000000000001
1537.1000000000001
1537.1000000000001
1537.1000000000001
1537.1000000000001
1537.1000000000001
1537.1000000000001
1537.1000000000001
1537.1000000000001
1537.1000000000001
1537.1000000000001
1537.1000000000001
1537.1000000000001
1537.1000000000001
1537.1000000000001
1537.1000000000001
1537.1000000000001
1537.1000000000001
1537.1000000000001
1537.1000000000001
1537.1000000000001
1537.1000000000001
1537.1000000000001
1537.1000000000001
1537.1000000000001
1537.1000000000001
1537.1000000000001
1537.1000000000001
1537.1000000000001
1537.1000000000001
1537.1000000000001
1537.1000000000001
1537.1000000000001
1537.1000000000001
1537.1000000000001
1537.1000000000001
1537.1000000000001
1537.1000000000001
1537.1000000000001
1537.1000000000001
1537.1000000000001
1537.1000000000001
1537.1000000000001
1537.1000000000001
1537.1000000000001
1537.1000000000001
1537.1000000000001
1537.1000000000001
1537.1000000000001
1537.1000000000001
1537.1000000000001
1537.1000000000001
1537.1000000000001
1537.1000000000001
1537.1000000000001
1537.1000000000001
1537.1000000000001
1537.1000000000001
1537.1000000000001
1537.1000000000001
